params:
  eccentricity: 1.0830661105211852
  r0: 7.5053539040889685
  theta0: 162.31801146800825
  x0: -0.32146936319570624
  y0: -1.3853933155243527
uparams:
  eccentricity: 0.05258668094648568
  r0: 0.5690418171170513
  theta0: 1.4801671974934552
  x0: 0.5755166597405751
  y0: 0.5344204040883483
