params:
  __lnsigma: -0.422517926883435
  eccentricity: 1.0705728303674058
  r0: 7.63730720337905
  theta0: 162.5495025489032
  x0: -0.195877334019229
  y0: -1.493670502305547
uparams:
  __lnsigma: 0.13227959165680217
  eccentricity: 0.05875888016505315
  r0: 0.6434132463743172
  theta0: 1.6020598163753874
  x0: 0.6472595467558387
  y0: 0.5862295825271451
