params:
  __lnsigma: -1.1810252018995717
  eccentricity: 0.7367015386870959
  r0: 3.709292667272515
  theta0: 73.4139537134472
  x0: 15.153035026347542
  y0: 6.947452817214376
uparams:
  __lnsigma: 0.3109565248533397
  eccentricity: 0.18381847730488066
  r0: 0.8721013187222488
  theta0: 30.549585249380183
  x0: 1.721304008252897
  y0: 1.2433854961774005
