params:
  __lnsigma: -0.41714197883534576
  eccentricity: 1.071278405557567
  r0: 7.630325201336197
  theta0: 162.5628378987227
  x0: -0.20599019904855115
  y0: -1.4957415707952242
uparams:
  __lnsigma: 0.13266685303157605
  eccentricity: 0.058692501100977235
  r0: 0.6455114710374179
  theta0: 1.6128920086067922
  x0: 0.6431701355366438
  y0: 0.5825134179101987
