params:
  __lnsigma: -1.183190564015709
  eccentricity: 0.7373448973803653
  r0: 3.701975851243734
  theta0: 73.11890587566141
  x0: 15.18704996200952
  y0: 6.962863567446064
uparams:
  __lnsigma: 0.3212683206696339
  eccentricity: 0.18835573196012068
  r0: 0.8694973891875197
  theta0: 30.785621914980602
  x0: 1.707665764060236
  y0: 1.3295917549091016
