params:
  __lnsigma: -0.41768669598268193
  eccentricity: 1.0699059264597135
  r0: 7.647494974746346
  theta0: 162.53182824761055
  x0: -0.17963162308894662
  y0: -1.4821819653404615
uparams:
  __lnsigma: 0.1318837359400684
  eccentricity: 0.059189843143060306
  r0: 0.6573432512534523
  theta0: 1.6084875520700308
  x0: 0.661405382042113
  y0: 0.5877539068092379
