params:
  __lnsigma: -1.2827339586473192
  eccentricity: 1.0
  r0: 2.9775120797172767
  theta0: 90.14718067258505
  x0: 13.966378889654745
  y0: 8.22903295652808
uparams:
  __lnsigma: 0.4436778961224016
  eccentricity: 0.0
  r0: 0.17854061723122738
  theta0: 3.1903082494563435
  x0: 0.380521229698747
  y0: 0.25495086850398385
