params:
  __lnsigma: -1.28774647003193
  eccentricity: 1.0
  r0: 2.97574455546956
  theta0: 90.05724982450646
  x0: 13.970531484586722
  y0: 8.230163702867028
uparams:
  __lnsigma: 0.4462275221012354
  eccentricity: 0.0
  r0: 0.17641113678647913
  theta0: 3.1891202795392033
  x0: 0.3833803560390061
  y0: 0.2517534401347299
