params:
  eccentricity: 1.0
  r0: 17.288407072068786
  theta0: 161.25467214902847
  x0: 5.76192073982425
  y0: -1.249551202365758
uparams:
  eccentricity: 0.0
  r0: 0.6792573211829104
  theta0: 2.7528102449435568
  x0: 0.8183323226449329
  y0: 1.617064083508397
